5354 0
4292 1
4734 2
10996 2
2979 3
1342 4
2978 5
1383 6
10903 3
5365 1
6661 2
4345 3
4345 0
5354 0
4292 1
4734 2
10996 2
2979 3
1342 4
2978 5
1383 6
10903 3
5365 1
6661 2
4345 3
4345 0
5354 0
4292 1
4734 2
10996 2
2979 3
1342 4
2978 5
1383 6
10903 3
5365 1
6661 2
4345 3
4345 0
5354 0
4292 1
4734 2
10996 2
2979 3
1342 4
2978 5
1383 6
10903 3
5365 1
6661 2
4345 3
4345 0
5354 0
4292 1
4734 2
10996 2
2979 3
1342 4
2978 5
1383 6
10903 3
5365 1
6661 2
4345 3
4345 0
5354 0
4292 1
4734 2
10996 2
2979 3
1342 4
2978 5
1383 6
10903 3
5365 1
6661 2
4345 3
4345 0
5354 0
4292 1
4734 2
10996 2
2979 3
1342 4
2978 5
1383 6
10903 3
5365 1
6661 2
4345 3
4345 0
5354 0
4292 1
4734 2
10996 2
2979 3
1342 4
2978 5
1383 6
10903 3
5365 1
6661 2
4345 3
4345 0
5354 0
4292 1
4734 2
10996 2
2979 3
1342 4
2978 5
1383 6
10903 3
5365 1
6661 2
4345 3
4345 0
5354 0
4292 1
4734 2
10996 2
2979 3
1342 4
2978 5
1383 6
10903 3
5365 1
6661 2
4345 3
4345 0
5354 0
4292 1
4734 2
10996 2
2979 3
1342 4
2978 5
1383 6
10903 3
5365 1
6661 2
4345 3
4345 0
5354 0
4292 1
4734 2
10996 2
2979 3
1342 4
2978 5
1383 6
10903 3
5365 1
6661 2
4345 3
4345 0
